2903 8979 3040 8693 3040 8667 c
3040 8660 3044 8650 3049 8644 c
3067 8626 3180 8270 3225 8091 c
3286 7849 3347 7524 3364 7350 c
3367 7320 3373 7272 3376 7244 c
3382 7193 l
3277 7186 l
3153 7178 3141 7176 2980 7151 c
2795 7121 2795 7121 2670 7089 c
2136 6949 1559 6652 1097 6278 c
931 6143 710 5933 583 5787 c
543 5742 497 5689 480 5670 c
444 5629 268 5396 223 5330 c
145 5214 66 5011 34 4844 c
9 4708 7 4435 31 4290 c
63 4090 108 3950 215 3715 c
228 3688 263 3611 293 3545 c
323 3479 389 3349 439 3255 c
565 3020 740 2669 774 2585 c
789 2547 805 2511 810 2505 c
824 2486 909 2232 930 2144 c
967 1985 956 1910 874 1785 c
841 1736 762 1649 704 1600 c
641 1545 571 1458 541 1395 c
514 1339 509 1317 509 1259 c
509 1150 557 1063 685 935 c
763 857 916 732 994 683 c
1159 580 1412 447 1560 385 c
1596 370 1639 352 1655 345 c
1771 293 1841 268 1877 266 c
1903 265 1931 254 1952 239 c
2000 202 2104 147 2185 115 c
2224 100 2276 79 2301 69 c
2327 59 2372 48 2401 44 c
2431 41 2466 36 2480 33 c
2494 30 2564 26 2635 25 c
2766 21 2855 30 3070 70 c
3215 97 3332 111 3510 125 c
3551 128 3601 133 3620 135 c
3639 137 3678 142 3705 145 c
4078 186 4416 267 4605 363 c
4906 514 4982 671 4921 1015 c
4911 1076 4899 1145 4896 1170 c
4889 1215 l
5028 1350 l
5185 1502 5199 1516 5400 1696 c
5570 1848 5787 2034 5882 2108 c
5969 2177 6115 2331 6216 2461 c
6450 2764 6613 3121 6696 3515 c
6738 3712 6757 4008 6742 4223 c
6726 4453 6677 4762 6637 4890 c
6629 4915 6617 4955 6609 4980 c
6602 5005 6593 5030 6590 5035 c
6586 5041 6577 5063 6570 5085 c
6556 5131 6412 5423 6372 5487 c
6305 5594 6193 5759 6156 5806 c
6133 5834 6106 5869 6095 5884 c
6025 5981 5798 6217 5664 6331 c
5363 6589 5028 6790 4648 6940 c
4592 6962 4577 6981 4598 7006 c
4603 7011 4630 7071 4659 7140 c
4688 7209 4716 7274 4720 7285 c
4796 7453 4913 7855 4940 8035 c
4968 8228 4984 8419 4970 8403 c
4966 8399 4957 8355 4950 8305 c
4940 8227 4920 8124 4890 7990 c
4820 7673 4559 6992 4509 6996 c
4502 6997 4441 7014 4375 7035 c
4309 7055 4248 7073 4240 7075 c
4186 7086 4067 7119 4062 7124 c
4059 7127 4064 7169 4073 7218 c
4082 7266 4092 7323 4095 7345 c
4098 7367 4102 7399 4105 7415 c
4107 7432 4112 7474 4116 7510 c
4119 7546 4124 7577 4126 7580 c
4134 7595 4145 7929 4143 8118 c
4142 8303 4129 8529 4115 8625 c
4107 8677 4079 8873 4074 8916 c
4071 8939 4057 9004 4044 9061 c
4020 9165 l
4026 9095 l
4032 9011 4035 8986 4065 8750 c
4092 8535 4092 7829 4065 7599 c
4057 7532 4039 7389 4035 7355 c
4033 7339 4023 7283 4014 7233 c
3994 7128 3999 7132 3899 7150 c
3802 7167 3783 7170 3688 7180 c
3637 7185 3562 7190 3523 7190 c
3438 7190 3447 7176 3429 7350 c
3423 7413 3416 7467 3415 7470 c
3413 7473 3409 7500 3405 7530 c
3396 7622 3352 7852 3324 7956 c
3310 8011 3290 8089 3280 8130 c
3209 8417 3034 8817 2863 9082 c
2807 9169 2787 9181 2834 9099 c
h
3388 7080 m
3392 7027 3400 7016 3429 7025 c
3447 7030 3450 7039 3450 7081 c
3450 7130 l
3538 7130 l
3637 7130 3868 7106 3936 7089 c
3978 7078 3981 7075 3976 7051 c
3973 7037 3967 7004 3964 6978 c
3958 6934 3959 6930 3978 6930 c
4002 6930 4030 6974 4030 7012 c
4030 7051 4044 7063 4081 7055 c
4167 7037 4478 6946 4489 6935 c
4491 6933 4482 6910 4470 6885 c
4447 6838 4449 6814 4475 6804 c
4493 6797 4525 6832 4540 6878 c
4547 6895 4555 6910 4559 6910 c
4580 6910 4813 6810 4940 6746 c
5170 6632 5402 6478 5616 6299 c
5768 6171 5998 5925 6123 5756 c
6180 5679 6304 5492 6335 5435 c
6406 5307 6471 5180 6490 5131 c
6502 5101 6520 5057 6531 5033 c
6549 4994 6615 4749 6626 4680 c
6628 4666 6635 4633 6641 4605 c
6685 4395 6701 3985 6674 3743 c
6646 3495 6569 3215 6463 2979 c
6321 2662 6072 2337 5805 2119 c
5756 2079 5683 2018 5645 1985 c
5606 1952 5547 1903 5515 1875 c
5482 1848 5449 1818 5440 1810 c
5431 1802 5357 1735 5275 1661 c
5192 1587 5107 1508 5084 1486 c
5062 1463 5005 1407 4958 1361 c
4871 1277 l
4859 1303 l
4852 1318 4842 1330 4837 1330 c
4823 1330 4836 1167 4862 1025 c
4912 755 4880 624 4735 508 c
4606 404 4332 301 4065 256 c
3780 208 3618 187 3435 175 c
3397 172 3347 168 3325 165 c
3285 159 l
3312 182 l
3327 195 3353 215 3370 228 c
3386 241 3400 260 3400 270 c
3400 285 3384 280 3298 234 c
3241 205 3159 169 3115 156 c
2826 67 2455 62 2283 144 c
2257 157 2199 182 2155 199 c
2072 233 2003 271 1935 321 c
1854 380 1762 440 1751 440 c
1730 440 1740 408 1770 383 c
1787 369 1799 356 1797 353 c
1792 348 1721 376 1627 419 c
1590 436 1557 450 1554 450 c
1526 450 1164 643 1035 726 c
755 908 560 1125 560 1255 c
560 1339 631 1458 733 1548 c
876 1673 948 1769 995 1902 c
1013 1951 1012 2032 991 2135 c
977 2205 910 2404 855 2540 c
803 2667 609 3069 581 3109 c
555 3145 327 3599 261 3745 c
130 4034 70 4280 67 4538 c
65 4725 84 4852 140 5020 c
196 5192 241 5269 408 5485 c
412 5491 431 5516 450 5541 c
509 5618 571 5689 691 5819 c
875 6018 979 6112 1215 6297 c
1331 6388 1336 6391 1440 6460 c
1492 6494 1546 6530 1560 6539 c
1652 6602 1941 6756 2100 6828 c
2194 6870 2440 6961 2565 7000 c
2805 7075 3123 7129 3310 7126 c
3385 7125 l
3388 7080 l
h
f
1130 5724 m
1037 5702 928 5637 839 5550 c
775 5487 630 5287 630 5261 c
630 5253 653 5278 682 5316 c
827 5511 1021 5663 1185 5711 c
1218 5721 1238 5729 1230 5730 c
1222 5731 1208 5733 1200 5734 c
1192 5736 1160 5731 1130 5724 c
h
f
4858 5570 m
4893 5548 4944 5508 4971 5481 c
5021 5432 5118 5306 5142 5260 c
5149 5246 5158 5233 5162 5230 c
5172 5222 5233 5098 5264 5020 c
5279 4984 5295 4946 5301 4935 c
5306 4924 5335 4843 5366 4755 c
5428 4575 5429 4604 5369 4815 c
5254 5215 5091 5481 4905 5570 c
4811 5615 4789 5615 4858 5570 c
h
f
497 5302 m
507 5097 587 4842 701 4652 c
764 4547 901 4374 974 4306 c
1027 4257 l
992 4196 l
972 4162 955 4133 954 4132 c
949 4124 850 4189 775 4250 c
605 4387 441 4613 339 4853 c
321 4895 303 4930 300 4930 c
288 4930 341 4785 386 4694 c
456 4551 564 4397 665 4295 c
707 4252 825 4160 888 4120 c
916 4102 940 4081 940 4074 c
940 4067 934 4033 926 3998 c
918 3963 909 3906 905 3870 c
898 3797 898 3559 905 3490 c
907 3465 912 3414 915 3375 c
919 3337 925 3280 930 3250 c
935 3220 941 3175 944 3150 c
950 3106 954 3079 965 3030 c
968 3016 972 2994 975 2980 c
1046 2601 1203 2158 1344 1941 c
1369 1902 1390 1866 1390 1862 c
1390 1858 1361 1854 1325 1853 c
1289 1851 1245 1844 1228 1836 c
1196 1822 1197 1822 1273 1821 c
1375 1820 1534 1795 1612 1769 c
1672 1749 1691 1739 1775 1689 c
1821 1662 1821 1681 1775 1727 c
1756 1746 1740 1765 1740 1769 c
1740 1772 1751 1810 1764 1852 c
1821 2030 1839 2200 1835 2510 c
1831 2843 1804 3033 1718 3345 c
1608 3747 1453 4088 1321 4220 c
1273 4268 1205 4310 1176 4310 c
1165 4310 1147 4352 1116 4453 c
1045 4677 1016 4890 1015 5187 c
1015 5282 1012 5326 1005 5319 c
999 5313 994 5219 993 5087 c
991 4794 1020 4598 1098 4368 c
1117 4311 l
1088 4299 l
1061 4288 1056 4290 1002 4337 c
889 4436 753 4621 669 4790 c
587 4956 510 5217 510 5332 c
510 5347 506 5361 502 5364 c
497 5367 495 5339 497 5302 c
h
1223 4254 m
1362 4182 1535 3844 1668 3385 c
1704 3263 1729 3165 1725 3162 c
1723 3160 1705 3176 1685 3199 c
1582 3312 1433 3307 1352 3186 c
1292 3096 1275 3018 1275 2830 c
1275 2739 1279 2640 1283 2610 c
1297 2509 1311 2427 1314 2421 c
1316 2418 1321 2397 1324 2375 c
1339 2278 1415 2039 1466 1932 c
1506 1847 1507 1840 1480 1840 c
1415 1840 1235 2196 1122 2550 c
1067 2724 998 3016 975 3180 c
971 3205 967 3236 965 3250 c
923 3543 930 3906 981 4075 c
1005 4155 1060 4244 1099 4265 c
1128 4282 1177 4277 1223 4254 c
h
1600 3225 m
1651 3199 1713 3111 1747 3016 c
1765 2965 1769 2948 1775 2885 c
1778 2858 1783 2813 1786 2786 c
1792 2737 l
1753 2778 l
1693 2841 1637 2846 1580 2791 c
1511 2726 1484 2598 1494 2390 c
1497 2316 1502 2246 1504 2235 c
1506 2224 1511 2195 1515 2170 c
1518 2145 1523 2114 1526 2100 c
1529 2078 1581 1885 1597 1838 c
1603 1819 1585 1814 1563 1828 c
1544 1840 1466 2014 1427 2135 c
1387 2255 1345 2427 1335 2505 c
1332 2533 1324 2584 1319 2620 c
1313 2656 1308 2748 1308 2825 c
1308 3050 1352 3175 1450 3227 c
1499 3254 1546 3253 1600 3225 c
h
f
4274 5290 m
4287 5173 4288 5132 4279 5040 c
4260 4839 4209 4662 4119 4477 c
4070 4376 4013 4280 4001 4280 c
3967 4279 3852 4246 3814 4227 c
3605 4121 3380 3809 3207 3385 c
3101 3126 3017 2760 2989 2435 c
2979 2310 2981 1926 2993 1865 c
2996 1854 3001 1823 3004 1795 c
3008 1768 3018 1719 3026 1687 c
3041 1629 l
3010 1594 l
2962 1539 2972 1524 3029 1565 c
3093 1611 3220 1665 3310 1685 c
3410 1707 3486 1712 3642 1708 c
3783 1704 3818 1706 3809 1716 c
3799 1728 3743 1743 3663 1755 c
3639 1759 3620 1764 3620 1766 c
3620 1769 3637 1794 3658 1823 c
3750 1950 3945 2304 4014 2470 c
4116 2718 4170 2864 4213 3010 c
4319 3364 4358 3650 4330 3852 c
4324 3892 4318 3934 4317 3944 c
4315 3960 4332 3970 4405 3997 c
4711 4110 4939 4290 5016 4477 c
5033 4519 5030 4516 4979 4450 c
4908 4357 4876 4324 4773 4242 c
4702 4184 4552 4096 4477 4068 c
4391 4036 4317 4010 4310 4010 c
4302 4010 4236 4139 4242 4145 c
4243 4148 4291 4196 4346 4252 c
4461 4369 4514 4432 4586 4540 c
4697 4704 4781 4892 4820 5063 c
4841 5153 4858 5330 4845 5318 c
4841 5315 4830 5263 4819 5203 c
4803 5110 4743 4914 4712 4854 c
4707 4844 4681 4792 4655 4740 c
4572 4575 4448 4409 4296 4261 c
4210 4178 l
4172 4212 l
4152 4230 4119 4252 4100 4260 c
4081 4267 4063 4275 4061 4276 c
4059 4278 4068 4293 4079 4309 c
4091 4326 4121 4384 4146 4437 c
4171 4491 4195 4543 4200 4552 c
4221 4590 4266 4733 4286 4825 c
4324 4994 4320 5295 4279 5335 c
4271 5342 4270 5329 4274 5290 c
h
4085 4226 m
4127 4208 4204 4131 4229 4081 c
4279 3983 4294 3903 4296 3725 c
4298 3552 4284 3438 4236 3235 c
4208 3114 4126 2851 4119 2856 c
4115 2858 4112 2875 4112 2894 c
4112 2952 4100 3012 4072 3085 c
4039 3174 3957 3262 3889 3280 c
3821 3299 3722 3288 3648 3253 c
3385 3130 3205 2765 3156 2253 c
3143 2121 3143 1887 3154 1755 c
3161 1674 l
3123 1660 l
3102 1652 3082 1644 3079 1642 c
3073 1639 3052 1718 3045 1775 c
3042 1797 3038 1824 3035 1835 c
3033 1846 3028 1902 3025 1960 c
3022 2018 3017 2086 3014 2113 c
3009 2166 3025 2461 3041 2585 c
3074 2845 3179 3247 3259 3419 c
3332 3575 3429 3756 3492 3852 c
3617 4043 3781 4194 3901 4228 c
3952 4243 4046 4242 4085 4226 c
h
3910 3235 m
3950 3214 4017 3134 4031 3092 c
4037 3071 4046 3050 4050 3045 c
4061 3031 4080 2890 4081 2810 c
4082 2753 4076 2727 4027 2605 c
3961 2438 3882 2265 3874 2272 c
3871 2275 3876 2313 3884 2356 c
3903 2457 3899 2621 3877 2672 c
3854 2723 3816 2750 3766 2750 c
3621 2749 3498 2587 3425 2298 c
3391 2165 3382 2081 3382 1901 c
3381 1817 3380 1746 3378 1745 c
3375 1742 3264 1712 3223 1703 c
3200 1698 3198 1701 3185 1810 c
3179 1861 3178 2135 3184 2165 c
3186 2176 3191 2221 3195 2265 c
3202 2349 3235 2544 3250 2595 c
3336 2875 3411 3018 3534 3132 c
3653 3242 3812 3286 3910 3235 c
h
f
2077 1435 m
2076 1433 2041 1430 2000 1427 c
1922 1420 1798 1390 1749 1365 c
1715 1347 1706 1346 1713 1363 c
1734 1420 1726 1416 1644 1333 c
1595 1283 1530 1229 1500 1211 c
1456 1186 1450 1180 1470 1181 c
1492 1181 1529 1192 1582 1214 c
1594 1220 1603 1214 1614 1192 c
1638 1146 1769 1017 1835 974 c
1992 874 2092 845 2290 845 c
2428 845 2508 857 2655 901 c
2771 935 2953 1002 2989 1023 c
3022 1043 l
3069 1020 l
3108 1001 3245 977 3230 992 c
3227 995 3196 1008 3160 1020 c
3033 1065 2948 1146 2920 1249 c
2905 1305 2890 1301 2890 1241 c
2890 1192 l
2783 1246 l
2636 1319 2426 1399 2310 1425 c
2286 1430 2083 1439 2077 1435 c
h
2305 1388 m
2395 1372 2548 1315 2725 1232 c
2836 1180 2870 1158 2852 1153 c
2848 1152 2796 1143 2735 1134 c
2475 1096 2028 1117 1785 1180 c
1709 1200 1620 1235 1620 1246 c
1620 1280 1826 1364 1970 1389 c
2037 1400 2236 1400 2305 1388 c
h
2005 1105 m
2076 1097 2153 1087 2175 1084 c
2197 1080 2301 1078 2405 1078 c
2583 1078 2669 1087 2900 1126 c
2930 1131 2939 1127 2964 1101 c
2983 1082 2990 1066 2984 1061 c
2971 1048 2776 975 2687 949 c
2469 887 2413 878 2260 883 c
2076 889 1975 920 1845 1010 c
1803 1040 1690 1148 1690 1159 c
1690 1163 1732 1156 1782 1143 c
1833 1131 1933 1114 2005 1105 c